21  21
-0.01084246415   -0.01152414212   -0.01255967673   -0.0137772196   -0.01543750782   -0.01767683752   -0.02051606277   -0.02396736954   -0.02804567982   -0.03275781601   -0.03809745893   -0.04404583006   -0.05057459764   -0.05764831635   -0.0652224983   -0.07323085325   -0.08155367532   -0.08994648943   -0.09790305396   -0.1044846906   -0.108328801   
-0.01152414212   -0.01212293395   -0.01303598547   -0.01420997419   -0.01587752245   -0.01813129599   -0.02098309295   -0.02444491042   -0.02853163447   -0.03324975113   -0.03859272391   -0.04454180033   -0.05106886989   -0.05813880414   -0.06570742227   -0.07370869108   -0.08202302993   -0.09040579431   -0.09835043933   -0.10491887   -0.1087526001   
-0.01255967673   -0.01303598547   -0.0138455312   -0.01503931059   -0.01675619406   -0.01904629413   -0.02192393215   -0.02540607098   -0.02950865548   -0.03423776106   -0.03958650567   -0.04553622624   -0.05205926516   -0.05912112131   -0.06667821468   -0.07466500796   -0.08296214436   -0.0913246165   -0.09924525931   -0.1057871569   -0.1096001032   
-0.0137772196   -0.01420997419   -0.01503931059   -0.01631360805   -0.01810176352   -0.02044014253   -0.02335286694   -0.02686275373   -0.03098657881   -0.03572975371   -0.04108498074   -0.04703380264   -0.05354925974   -0.06059777183   -0.06813662454   -0.07610097795   -0.08437174552   -0.09270331701   -0.100587565   -0.107089376   -0.110871104   
-0.01543750782   -0.01587752245   -0.01675619406   -0.01810176352   -0.01995186195   -0.02233842665   -0.02529015097   -0.02883167477   -0.03297904235   -0.03773657021   -0.04309653294   -0.0490408425   -0.05554348192   -0.06257205083   -0.07008491878   -0.0780180876   -0.086252713   -0.09454227678   -0.1023773141   -0.1088251877   -0.1125652544   
-0.01767683752   -0.01813129599   -0.01904629413   -0.02044014253   -0.02233842665   -0.02476906287   -0.02775946627   -0.03133239331   -0.03550178035   -0.04027053605   -0.04563056513   -0.05156432906   -0.05804697078   -0.06504747293   -0.07252544507   -0.08041780203   -0.08860582415   -0.09684170314   -0.1046142288   -0.1109939976   -0.1146820196   
-0.02051606277   -0.02098309295   -0.02192393215   -0.02335286694   -0.02529015097   -0.02775946627   -0.03078441318   -0.03438420361   -0.03857005886   -0.04334339958   -0.04869587038   -0.05461064651   -0.0610641971   -0.06802702296   -0.07546006084   -0.08330112933   -0.0914314213   -0.09960137699   -0.1072976113   -0.1135948425   -0.1172206207   
-0.02396736954   -0.02444491042   -0.02540607098   -0.02686275373   -0.02883167477   -0.03133239331   -0.03438420361   -0.03800249262   -0.04219575099   -0.04696401781   -0.05229881468   -0.05818416233   -0.0645979642   -0.07151230822   -0.07888948074   -0.08666811759   -0.09472902356   -0.1028203556   -0.110426126   -0.1166262605   -0.1201799648   
-0.02804567982   -0.02853163447   -0.02950865548   -0.03098657881   -0.03297904235   -0.03550178035   -0.03857005886   -0.04219575099   -0.04638490163   -0.05113638405   -0.05644174504   -0.06228594824   -0.06864838608   -0.07550274656   -0.08281263313   -0.09051734491   -0.09849692304   -0.1064966562   -0.1139975678   -0.1200861547   -0.1235585617   
-0.03275781601   -0.03324975113   -0.03423776106   -0.03572975371   -0.03773657021   -0.04027053605   -0.04334339958   -0.04696401781   -0.05113638405   -0.05585846733   -0.06112198727   -0.0669129176   -0.07321214985   -0.07999494045   -0.08722613134   -0.09484547397   -0.1027318106   -0.1106269479   -0.1180086283   -0.1239716528   -0.1273544142   
-0.03809745893   -0.03859272391   -0.03958650567   -0.04108498074   -0.04309653294   -0.04563056513   -0.04869587038   -0.05229881468   -0.05644174504   -0.06112198727   -0.06633156747   -0.07205750869   -0.07828217579   -0.08498232641   -0.09212392197   -0.09964690643   -0.107428443   -0.1152062433   -0.1224546388   -0.1282789268   -0.131564839   
-0.04404583006   -0.04454180033   -0.04553622624   -0.04703380264   -0.0490408425   -0.05156432906   -0.05461064651   -0.05818416233   -0.06228594824   -0.0669129176   -0.07205750869   -0.07770780369   -0.08384758507   -0.09045501495   -0.09749701864   -0.1049134308   -0.112579227   -0.1202274531   -0.1273291507   -0.1330028248   -0.1361860757   
-0.05057459764   -0.05106886989   -0.05205926516   -0.05354925974   -0.05554348192   -0.05804697078   -0.0610641971   -0.0645979642   -0.06864838608   -0.07321214985   -0.07828217579   -0.08384758507   -0.08989349604   -0.09639935196   -0.1033328524   -0.1106333883   -0.1181732384   -0.1256803219   -0.1326228866   -0.1381358763   -0.1412122884   
-0.05764831635   -0.05813880414   -0.05912112131   -0.06059777183   -0.06257205083   -0.06504747293   -0.06802702296   -0.07151230822   -0.07550274656   -0.07999494045   -0.08498232641   -0.09045501495   -0.09639935196   -0.1027959096   -0.1096129403   -0.1167890445   -0.1241933573   -0.1315484547   -0.1383208456   -0.1436655528   -0.1466329347   
-0.0652224983   -0.06570742227   -0.06667821468   -0.06813662454   -0.07008491878   -0.07252544507   -0.07546006084   -0.07888948074   -0.08281263313   -0.08722613134   -0.09212392197   -0.09749701864   -0.1033328524   -0.1096129403   -0.1163058509   -0.1233490984   -0.1306084402   -0.1378014156   -0.1443946999   -0.149567147   -0.1524260463   
-0.07323085325   -0.07370869108   -0.07466500796   -0.07610097795   -0.0780180876   -0.08041780203   -0.08330112933   -0.08666811759   -0.09051734491   -0.09484547397   -0.09964690643   -0.1049134308   -0.1106333883   -0.1167890445   -0.1233490984   -0.1302498947   -0.1373541292   -0.1443756721   -0.1507845597   -0.1557867498   -0.158542187   
-0.08155367532   -0.08202302993   -0.08296214436   -0.08437174552   -0.086252713   -0.08860582415   -0.0914314213   -0.09472902356   -0.09849692304   -0.1027318106   -0.107428443   -0.112579227   -0.1181732384   -0.1241933573   -0.1306084402   -0.1373541292   -0.1442915355   -0.1511341565   -0.1573604453   -0.1622051532   -0.1648701747   
-0.08994648943   -0.09040579431   -0.0913246165   -0.09270331701   -0.09454227678   -0.09684170314   -0.09960137699   -0.1028203556   -0.1064966562   -0.1106269479   -0.1152062433   -0.1202274531   -0.1256803219   -0.1315484547   -0.1378014156   -0.1443756721   -0.1511341565   -0.15779613   -0.1638555578   -0.1685742368   -0.1711754767   
-0.09790305396   -0.09835043933   -0.09924525931   -0.100587565   -0.1023773141   -0.1046142288   -0.1072976113   -0.110426126   -0.1139975678   -0.1180086283   -0.1224546388   -0.1273291507   -0.1326228866   -0.1383208456   -0.1443946999   -0.1507845597   -0.1573604453   -0.1638555578   -0.1697866188   -0.1744357673   -0.1770171509   
-0.1044846906   -0.10491887   -0.1057871569   -0.107089376   -0.1088251877   -0.1109939976   -0.1135948425   -0.1166262605   -0.1200861547   -0.1239716528   -0.1282789268   -0.1330028248   -0.1381358763   -0.1436655528   -0.149567147   -0.1557867498   -0.1622051532   -0.1685742368   -0.1744357673   -0.1790832582   -0.1816936226   
-0.108328801   -0.1087526001   -0.1096001032   -0.110871104   -0.1125652544   -0.1146820196   -0.1172206207   -0.1201799648   -0.1235585617   -0.1273544142   -0.131564839   -0.1361860757   -0.1412122884   -0.1466329347   -0.1524260463   -0.158542187   -0.1648701747   -0.1711754767   -0.1770171509   -0.1816936226   -0.1843451609   
