21  21
-2.943093902e-005   -5.701017741e-005   -7.254050042e-005   -5.08290968e-005   -2.700562593e-005   -3.484200608e-006   2.970472216e-005   7.693979049e-005   0.0001396389958   0.0002185912079   0.0003137596997   0.0004232122698   0.0005416810473   0.0006585041516   0.0007548244084   0.0008006782783   0.0007536864679   0.0005666818023   0.0002192701767   -0.0002192786575   -0.0005431497377   
-5.701017741e-005   -7.62525928e-005   -7.47610281e-005   -4.716309443e-005   -2.301947927e-005   1.252909461e-006   3.552929276e-005   8.377938589e-005   0.000147370124   0.0002270796057   0.0003228020055   0.0004324859859   0.000550709471   0.0006666320816   0.0007612140322   0.000804335652   0.0007535727363   0.0005620129301   0.0002100268847   -0.0002318786091   -0.0005570996383   
-7.254050042e-005   -7.47610281e-005   -5.899200634e-005   -3.508961702e-005   -1.397747504e-005   1.129398509e-005   4.766048378e-005   9.788321255e-005   0.0001631942655   0.000244343016   0.0003410812294   0.0004511176287   0.0005687216198   0.0006826973052   0.0007736428695   0.000811132679   0.0007526652975   0.0005518560566   0.0001906249174   -0.0002580392529   -0.0005859804115   
-5.08290968e-005   -4.716309443e-005   -3.508961702e-005   -1.914611637e-005   1.976731158e-007   2.776468005e-005   6.714397935e-005   0.0001201028266   0.0001877982276   0.000270903674   0.0003689300389   0.0004792157994   0.0005955657402   0.0007062542626   0.0007913447701   0.000819969003   0.000749541388   0.0005345138589   0.000159179109   -0.000299733057   -0.0006318048238   
-2.700562593e-005   -2.301947927e-005   -1.397747504e-005   1.976731158e-007   2.143515133e-005   5.250945403e-005   9.542146774e-005   0.0001515756546   0.000222076307   0.00030740583   0.0004067020869   0.0005167913728   0.0006308561979   0.0007364721607   0.0008130060302   0.0008290313286   0.000741910063   0.0005072935463   0.0001127269378   -0.0003600450175   -0.0006977179786   
-3.484200608e-006   1.252909461e-006   1.129398509e-005   2.776468005e-005   5.250945403e-005   8.73993042e-005   0.0001339690553   0.0001935073314   0.0002669547308   0.000354444188   0.0004545935923   0.0005635705871   0.0006737794277   0.0007719363531   0.0008365657849   0.0008355976252   0.0007264253838   0.0004663336363   4.707063723e-005   -0.0004433206127   -0.0007881449385   
2.970472216e-005   3.552929276e-005   4.766048378e-005   6.714397935e-005   9.542146774e-005   0.0001339690553   0.0001841237787   0.0002469926451   0.0003231888892   0.0004123404427   0.0005124027544   0.0006187408649   0.0007228302193   0.0008103798075   0.0008589483958   0.0008357772589   0.0006984412624   0.0004063792248   -4.342595647e-005   -0.0005553563051   -0.0009089805544   
7.693979049e-005   8.377938589e-005   9.788321255e-005   0.0001201028266   0.0001515756546   0.0001935073314   0.0002469926451   0.0003128133966   0.0003911046811   0.0004808528585   0.0005792178302   0.000680623506   0.000775474943   0.000848343533   0.0008757289982   0.0008241904607   0.000651713429   0.0003205127312   -0.0001660783741   -0.0007036258183   -0.001067813845   
0.0001396389958   0.000147370124   0.0001631942655   0.0001877982276   0.000222076307   0.0002669547308   0.0003231888892   0.0003911046811   0.0004702305883   0.0005587876789   0.0006530137736   0.0007462603358   0.0008277342068   0.0008807629322   0.0008807329958   0.0007935912259   0.0005780553437   0.0001998487657   -0.0003301512293   -0.0008975336269   -0.001274176612   
0.0002185912079   0.0002270796057   0.000244343016   0.000270903674   0.00030740583   0.000354444188   0.0004123404427   0.0004808528585   0.0005587876789   0.0006434825224   0.0007301317827   0.000810893974   0.000873670387   0.000900471245   0.0008655659686   0.0007344348533   0.0004669532232   3.320103873e-005   -0.0005471477735   -0.001148686178   -0.001539804297   
0.0003137596997   0.0003228020055   0.0003410812294   0.0003689300389   0.0004067020869   0.0004545935923   0.0005124027544   0.0005792178302   0.0006530137736   0.0007301317827   0.0008046104052   0.0008673121779   0.000904754699   0.0008976006025   0.000819061173   0.0006343842045   0.0003051407139   -0.0001932730851   -0.0008311108799   -0.001471169491   -0.001878895213   
0.0004232122698   0.0004324859859   0.0004511176287   0.0004792157994   0.0005167913728   0.0005635705871   0.0006187408649   0.000680623506   0.0007462603358   0.000810893974   0.0008673121779   0.0009050059804   0.0009090711535   0.0008588475231   0.0007266225493   0.0004777447236   7.613529838e-005   -0.0004964381794   -0.001198916892   -0.001881808868   -0.002308343177   
0.0005416810473   0.000550709471   0.0005687216198   0.0005955657402   0.0006308561979   0.0006737794277   0.0007228302193   0.000775474943   0.0008277342068   0.000873670387   0.000904754699   0.0009090711535   0.0008703082822   0.0007665760442   0.0005694601878   0.000244850121   -0.0002402173918   -0.0008964906632   -0.001670485603   -0.002400328917   -0.002847866276   
0.0006585041516   0.0006666320816   0.0006826973052   0.0007062542626   0.0007364721607   0.0007719363531   0.0008103798075   0.000848343533   0.0008807629322   0.000900471245   0.0008976006025   0.0008588475231   0.0007665760442   0.0005978425217   0.0003238527654   -8.841446227e-005   -0.0006679558207   -0.001416942108   -0.002268622149   -0.003049135235   -0.003519769667   
0.0007548244084   0.0007612140322   0.0007736428695   0.0007913447701   0.0008130060302   0.0008365657849   0.0008589483958   0.0008757289982   0.0008807329958   0.0008655659686   0.000819061173   0.0007266225493   0.0005694601878   0.0003238527654   -3.894596485e-005   -0.0005502287576   -0.001234157463   -0.002083407347   -0.003017615813   -0.00385187912   -0.004347546048   
0.0008006782783   0.000804335652   0.000811132679   0.000819969003   0.0008290313286   0.0008355976252   0.0008357772589   0.0008241904607   0.0007935912259   0.0007344348533   0.0006343842045   0.0004777447236   0.000244850121   -8.841446227e-005   -0.0005502287576   -0.001169493536   -0.001964814207   -0.00291892819   -0.003938365131   -0.004828683201   -0.005351284041   
0.0007536864679   0.0007535727363   0.0007526652975   0.000749541388   0.000741910063   0.0007264253838   0.0006984412624   0.000651713429   0.0005780553437   0.0004669532232   0.0003051407139   7.613529838e-005   -0.0002402173918   -0.0006679558207   -0.001234157463   -0.001964814207   -0.002872730484   -0.003931253132   -0.005035647901   -0.00598385906   -0.006535845516   
0.0005666818023   0.0005620129301   0.0005518560566   0.0005345138589   0.0005072935463   0.0004663336363   0.0004063792248   0.0003205127312   0.0001998487657   3.320103873e-005   -0.0001932730851   -0.0004964381794   -0.0008964906632   -0.001416942108   -0.002083407347   -0.00291892819   -0.003931253132   -0.005086536761   -0.006272389251   -0.007281006141   -0.007866603757   
0.0002192701767   0.0002100268847   0.0001906249174   0.000159179109   0.0001127269378   4.707063723e-005   -4.342595647e-005   -0.0001660783741   -0.0003301512293   -0.0005471477735   -0.0008311108799   -0.001198916892   -0.001670485603   -0.002268622149   -0.003017615813   -0.003938365131   -0.005035647901   -0.006272389251   -0.007533495583   -0.008606577206   -0.009232556182   
-0.0002192786575   -0.0002318786091   -0.0002580392529   -0.000299733057   -0.0003600450175   -0.0004433206127   -0.0005553563051   -0.0007036258183   -0.0008975336269   -0.001148686178   -0.001471169491   -0.001881808868   -0.002400328917   -0.003049135235   -0.00385187912   -0.004828683201   -0.00598385906   -0.007281006141   -0.008606577206   -0.009744496676   -0.01041564567   
-0.0005431497377   -0.0005570996383   -0.0005859804115   -0.0006318048238   -0.0006977179786   -0.0007881449385   -0.0009089805544   -0.001067813845   -0.001274176612   -0.001539804297   -0.001878895213   -0.002308343177   -0.002847866276   -0.003519769667   -0.004347546048   -0.005351284041   -0.006535845516   -0.007866603757   -0.009232556182   -0.01041564567   -0.01112016171   
