21  21
0.0005220642077   0.0004782717356   0.000472997613   0.0005540784879   0.0006504907139   0.0007423991763   0.0008339421583   0.0009176374046   0.0009750250756   0.00098035163   0.0009011383337   0.0006977865976   0.0003235253143   -0.0002749143951   -0.001154949077   -0.002371527713   -0.003961943438   -0.005910484669   -0.008076410004   -0.01009575549   -0.01136464369   
0.0004782717356   0.0004531939862   0.0004809764903   0.000573186326   0.0006683212335   0.0007581196211   0.0008471879852   0.0009271970432   0.0009793703822   0.000977832793   0.0008900089255   0.0006762386508   0.0002897674275   -0.0003225386416   -0.001217798391   -0.002450464649   -0.004057055331   -0.006020641794   -0.008198769136   -0.01022570227   -0.01149731934   
0.000472997613   0.0004809764903   0.0005361485496   0.0006206361791   0.0007048898606   0.0007887913539   0.0008723873252   0.0009446537098   0.0009860590266   0.0009704742461   0.0008651361454   0.0006302727611   0.0002191758896   -0.0004210059536   -0.001346787538   -0.00261162539   -0.00425048572   -0.00624401201   -0.008446342688   -0.01048824878   -0.01176520965   
0.0005540784879   0.000573186326   0.0006206361791   0.0006848479173   0.0007559473327   0.0008319383498   0.000906694304   0.0009664396168   0.0009908394064   0.0009534066716   0.0008210966955   0.0005539894555   0.0001054758449   -0.0005768425862   -0.001548554192   -0.002861611874   -0.004548652201   -0.006586693314   -0.008824815188   -0.01088867024   -0.01217336381   
0.0006504907139   0.0006683212335   0.0007048898606   0.0007559473327   0.000817191443   0.0008834882357   0.0009450542872   0.0009864629041   0.0009866928597   0.0009187787619   0.0007492983315   0.0004381709486   -6.10265727e-005   -0.0008000364239   -0.001833176967   -0.003210381437   -0.004961179308   -0.007057787972   -0.009342641067   -0.01143479778   -0.01272927981   
0.0007423991763   0.0007581196211   0.0007887913539   0.0008319383498   0.0008834882357   0.000936369672   0.0009791016818   0.0009952746994   0.0009631677984   0.0008552067606   0.000637527927   0.0002699239386   -0.0002937083965   -0.0011042121   -0.002214268834   -0.003671268603   -0.00550086173   -0.007669322417   -0.01001093859   -0.01213690736   -0.01344280316   
0.0008339421583   0.0008471879852   0.0008723873252   0.000906694304   0.0009450542872   0.0009791016818   0.0009962887273   0.000979340217   0.0009057397006   0.0007472261297   0.0004695028208   3.233616704e-005   -0.0006098669028   -0.001506765945   -0.00270901902   -0.004260946849   -0.006183562351   -0.008436100451   -0.01084331985   -0.01300755265   -0.01432597614   
0.0009176374046   0.0009271970432   0.0009446537098   0.0009664396168   0.0009864629041   0.0009952746994   0.000979340217   0.0009204612808   0.0007952690681   0.0005748304266   0.0002245129547   -0.0002957693591   -0.001030853074   -0.002028893856   -0.003338127209   -0.004999285135   -0.007028010264   -0.009375464185   -0.01185563921   -0.01406133044   -0.01539282677   
0.0009750250756   0.0009793703822   0.0009860590266   0.0009908394064   0.0009866928597   0.0009631677984   0.0009057397006   0.0007952690681   0.0006075701042   0.0003131491545   -0.0001227796917   -0.0007399129033   -0.001582035404   -0.002695453427   -0.004125580828   -0.005909060019   -0.008055469121   -0.01050694153   -0.01306564641   -0.01531456954   -0.01665908676   
0.00098035163   0.000977832793   0.0009704742461   0.0009534066716   0.0009187787619   0.0008552067606   0.0007472261297   0.0005748304266   0.0003131491545   -6.767457251e-005   -0.0006023264585   -0.001329816349   -0.002292547416   -0.003534620862   -0.005098243466   -0.007015498482   -0.009289257013   -0.01185176649   -0.01449253468   -0.01678493493   -0.01814182642   
0.0009011383337   0.0008900089255   0.0008651361454   0.0008210966955   0.0007492983315   0.000637527927   0.0004695028208   0.0002245129547   -0.0001227796917   -0.0006023264585   -0.001248403659   -0.002098999813   -0.003194789737   -0.004577321782   -0.006285238317   -0.00834563712   -0.0107541032   -0.01343225633   -0.01615636708   -0.01849092631   -0.01985898187   
0.0006977865976   0.0006762386508   0.0006302727611   0.0005539894555   0.0004381709486   0.0002699239386   3.233616704e-005   -0.0002957693591   -0.0007399129033   -0.001329816349   -0.002098999813   -0.003084078143   -0.004323655659   -0.005856406481   -0.007717093282   -0.009927455873   -0.01247528899   -0.01527098318   -0.01807731281   -0.0204511961   -0.02182870015   
0.0003235253143   0.0002897674275   0.0002191758896   0.0001054758449   -6.10265727e-005   -0.0002937083965   -0.0006098669028   -0.001030853074   -0.001582035404   -0.002292547416   -0.003194789737   -0.004323655659   -0.005715362574   -0.007405432428   -0.009424486637   -0.01178859799   -0.01447735795   -0.01738950569   -0.0202744527   -0.02268344783   -0.024068277   
-0.0002749143951   -0.0003225386416   -0.0004210059536   -0.0005768425862   -0.0008000364239   -0.0011042121   -0.001506765945   -0.002028893856   -0.002695453427   -0.003534620862   -0.004577321782   -0.005856406481   -0.007405432428   -0.009256546599   -0.01143602959   -0.013954055   -0.01678172452   -0.01980596333   -0.02276346334   -0.02520225658   -0.02659206891   
-0.001154949077   -0.001217798391   -0.001346787538   -0.001548554192   -0.001833176967   -0.002214268834   -0.00270901902   -0.003338127209   -0.004125580828   -0.005098243466   -0.006285238317   -0.007717093282   -0.009424486637   -0.01143602959   -0.0137735364   -0.01644116158   -0.01940144669   -0.02252977353   -0.02555146198   -0.02801418873   -0.0294068434   
-0.002371527713   -0.002450464649   -0.00261162539   -0.002861611874   -0.003210381437   -0.003671268603   -0.004260946849   -0.004999285135   -0.005909060019   -0.007015498482   -0.00834563712   -0.009927455873   -0.01178859799   -0.013954055   -0.01644116158   -0.0192481427   -0.02232933551   -0.02554962904   -0.02862533314   -0.03110674228   -0.03250124135   
-0.003961943438   -0.004057055331   -0.00425048572   -0.004548652201   -0.004961179308   -0.00550086173   -0.006183562351   -0.007028010264   -0.008055469121   -0.009289257013   -0.0107541032   -0.01247528899   -0.01447735795   -0.01678172452   -0.01940144669   -0.02232933551   -0.02551270492   -0.02880836136   -0.03192740455   -0.03442524595   -0.0358236377   
-0.005910484669   -0.006020641794   -0.00624401201   -0.006586693314   -0.007057787972   -0.007669322417   -0.008436100451   -0.009375464185   -0.01050694153   -0.01185176649   -0.01343225633   -0.01527098318   -0.01738950569   -0.01980596333   -0.02252977353   -0.02554962904   -0.02880836136   -0.03215910937   -0.03531322141   -0.03783221353   -0.03924254879   
-0.008076410004   -0.008198769136   -0.008446342688   -0.008824815188   -0.009342641067   -0.01001093859   -0.01084331985   -0.01185563921   -0.01306564641   -0.01449253468   -0.01615636708   -0.01807731281   -0.0202744527   -0.02276346334   -0.02555146198   -0.02862533314   -0.03192740455   -0.03531322141   -0.03850047834   -0.04105532152   -0.042493471   
-0.01009575549   -0.01022570227   -0.01048824878   -0.01088867024   -0.01143479778   -0.01213690736   -0.01300755265   -0.01406133044   -0.01531456954   -0.01678493493   -0.01849092631   -0.0204511961   -0.02268344783   -0.02520225658   -0.02801418873   -0.03110674228   -0.03442524595   -0.03783221353   -0.04105532152   -0.04366266241   -0.04514504374   
-0.01136464369   -0.01149731934   -0.01176520965   -0.01217336381   -0.01272927981   -0.01344280316   -0.01432597614   -0.01539282677   -0.01665908676   -0.01814182642   -0.01985898187   -0.02182870015   -0.024068277   -0.02659206891   -0.0294068434   -0.03250124135   -0.0358236377   -0.03924254879   -0.042493471   -0.04514504374   -0.04666529695   
