11  11
-0.04648318604   -0.05083704613   -0.05773614837   -0.06942989656   -0.08596616   -0.1064109151   -0.129599228   -0.1547152652   -0.1810392268   -0.2064106303   -0.2240567447   
-0.05083704613   -0.05429554933   -0.06117919868   -0.07282155624   -0.08916526096   -0.1093325664   -0.1322411663   -0.1571147651   -0.1832331785   -0.2084370641   -0.2259533533   
-0.05773614837   -0.06117919868   -0.06830883731   -0.07975731267   -0.095613852   -0.1151824102   -0.1375215062   -0.1619094331   -0.187618242   -0.2124872273   -0.2297430264   
-0.06942989656   -0.07282155624   -0.07975731267   -0.0905657542   -0.1054594036   -0.1240210071   -0.1454655188   -0.1691098663   -0.1941993889   -0.218560416   -0.2354189137   
-0.08596616   -0.08916526096   -0.095613852   -0.1054594036   -0.1189438516   -0.1360182702   -0.1561742595   -0.1787727916   -0.2030052379   -0.2266532054   -0.2429317172   
-0.1064109151   -0.1093325664   -0.1151824102   -0.1240210071   -0.1360182702   -0.1513289801   -0.1698152852   -0.1910147643   -0.2140766956   -0.2366259344   -0.2517023915   
-0.129599228   -0.1322411663   -0.1375215062   -0.1454655188   -0.1561742595   -0.1698152852   -0.1864757588   -0.2059344313   -0.2272348957   -0.2469191584   -0.2554683539   
-0.1547152652   -0.1571147651   -0.1619094331   -0.1691098663   -0.1787727916   -0.1910147643   -0.2059344313   -0.2232245427   -0.2403284229   -0.2436602467   -0.1917583279   
-0.1810392268   -0.1832331785   -0.187618242   -0.1941993889   -0.2030052379   -0.2140766956   -0.2272348957   -0.2403284229   -0.2374210629   -0.1211522309   0.4051283837   
-0.2064106303   -0.2084370641   -0.2124872273   -0.218560416   -0.2266532054   -0.2366259344   -0.2469191584   -0.2436602467   -0.1211522309   0.4887988924   0.7287010854   
-0.2240567447   -0.2259533533   -0.2297430264   -0.2354189137   -0.2429317172   -0.2517023915   -0.2554683539   -0.1917583279   0.4051283837   0.7287010854   0.8074015673   
