11  11
-6.228913191e-005   -7.674781649e-005   -1.492124295e-005   9.017084258e-005   0.0002805280238   0.0005551069229   0.0008442095422   0.0009362323478   0.0004161883804   -0.001106351792   -0.002929220745   
-7.674781649e-005   -5.291980969e-005   9.943401723e-006   0.0001228157966   0.0003195761872   0.0005948125347   0.000871711164   0.0009303343536   0.0003520862581   -0.001243212684   -0.003115664052   
-1.492124295e-005   9.943401723e-006   7.381050234e-005   0.0002012544237   0.0004069909776   0.0006775057151   0.0009225884471   0.0009065857832   0.0002049250501   -0.001540232569   -0.003512805703   
9.017084258e-005   0.0001228157966   0.0002012544237   0.0003452717057   0.0005563126884   0.000804959617   0.0009835272639   0.0008359653725   -6.774416886e-005   -0.002047471609   -0.004171858076   
0.0002805280238   0.0003195761872   0.0004069909776   0.0005563126884   0.0007584457527   0.0009567506768   0.001015716225   0.0006588600497   -0.0005425024103   -0.002849338332   -0.005176801008   
0.0005551069229   0.0005948125347   0.0006775057151   0.000804959617   0.0009567506768   0.001052802843   0.0009203961443   0.0002583162406   -0.001349116672   -0.004077050662   -0.006653632449   
0.0008442095422   0.000871711164   0.0009225884471   0.0009835272639   0.001015716225   0.0009203961443   0.0004975209765   -0.0005768043417   -0.002696203668   -0.005923835035   -0.008780825916   
0.0009362323478   0.0009303343536   0.0009065857832   0.0008359653725   0.0006588600497   0.0002583162406   -0.0005768043417   -0.002171264283   -0.004881963069   -0.008644919888   -0.01178537557   
0.0004161883804   0.0003520862581   0.0002049250501   -6.774416886e-005   -0.0005425024103   -0.001349116672   -0.002696203668   -0.004881963069   -0.008200644053   -0.01246032225   -0.01585103615   
-0.001106351792   -0.001243212684   -0.001540232569   -0.002047471609   -0.002849338332   -0.004077050662   -0.005923835035   -0.008644919888   -0.01246032225   -0.01708554941   -0.02067854537   
-0.002929220745   -0.003115664052   -0.003512805703   -0.004171858076   -0.005176801008   -0.006653632449   -0.008780825916   -0.01178537557   -0.01585103615   -0.02067854537   -0.02444944477   
