11  11
0.0009985358921   0.0006066764046   0.0001415836196   -0.00135229454   -0.004616096416   -0.01036743757   -0.01904476756   -0.03074654948   -0.04511694416   -0.0604950402   -0.07182707682   
0.0006066764046   0.0003857053581   -0.0002116380377   -0.001894786897   -0.005372332429   -0.01132373168   -0.02016122641   -0.03197288963   -0.04640102098   -0.0617933442   -0.07310217819   
0.0001415836196   -0.0002116380377   -0.001138453301   -0.003178052636   -0.007040805855   -0.01335083428   -0.02247397876   -0.03447853721   -0.04900354608   -0.06441208224   -0.07566779634   
-0.00135229454   -0.001894786897   -0.003178052636   -0.00564782042   -0.009962325697   -0.01669390178   -0.02615095888   -0.03837390381   -0.05299605699   -0.06839751499   -0.07955678573   
-0.004616096416   -0.005372332429   -0.007040805855   -0.009962325697   -0.01468299595   -0.02175003532   -0.03146159752   -0.0438355722   -0.05849337062   -0.07382464081   -0.08482420177   
-0.01036743757   -0.01132373168   -0.01335083428   -0.01669390178   -0.02175003532   -0.02899320638   -0.0387606557   -0.05110811199   -0.06565948309   -0.08080304749   -0.09155415713   
-0.01904476756   -0.02016122641   -0.02247397876   -0.02615095888   -0.03146159752   -0.0387606557   -0.04838281172   -0.06046677739   -0.07469683645   -0.08947413595   -0.09986091189   
-0.03074654948   -0.03197288963   -0.03447853721   -0.03837390381   -0.0438355722   -0.05110811199   -0.06046677739   -0.0720944571   -0.08577104699   -0.09995979511   -0.1098502343   
-0.04511694416   -0.04640102098   -0.04900354608   -0.05299605699   -0.05849337062   -0.06565948309   -0.07469683645   -0.08577104699   -0.09872184206   -0.1121161945   -0.1214092714   
-0.0604950402   -0.0617933442   -0.06441208224   -0.06839751499   -0.07382464081   -0.08080304749   -0.08947413595   -0.09995979511   -0.1121161945   -0.1246483851   -0.1333976466   
-0.07182707682   -0.07310217819   -0.07566779634   -0.07955678573   -0.08482420177   -0.09155415713   -0.09986091189   -0.1098502343   -0.1214092714   -0.1333976466   -0.141943436   
