11  11
-0.1835062538   -0.1907569464   -0.2017022652   -0.2193055539   -0.2399531405   -0.2207693565   0.4805207187   0.8026619354   0.8896655937   0.875822085   0.2720609677   
-0.1907569464   -0.1963196007   -0.2070395533   -0.2241244894   -0.2424189771   -0.2085872345   0.5461827713   0.8160872456   0.8928001384   0.8532568939   0.2329320174   
-0.2017022652   -0.2070395533   -0.2177350587   -0.233232283   -0.241610294   -0.1247673803   0.6480638797   0.8389201693   0.8965544571   0.7744022252   0.1696608493   
-0.2193055539   -0.2241244894   -0.233232283   -0.2429908519   -0.2127760684   0.2823582228   0.75313686   0.8658444749   0.897150941   0.5771687535   0.1035214022   
-0.2399531405   -0.2424189771   -0.241610294   -0.2127760684   0.01609711701   0.6508403113   0.825238511   0.8913949598   0.8840177413   0.329951646   0.05346185903   
-0.2207693565   -0.2085872345   -0.1247673803   0.2823582228   0.6508403113   0.8061507184   0.873593013   0.9033786281   0.7576815777   0.1533445736   0.02303551574   
0.4805207187   0.5461827713   0.6480638797   0.75313686   0.825238511   0.873593013   0.9048250092   0.860436384   0.3374889441   0.05206404878   0.007877468787   
0.8026619354   0.8160872456   0.8389201693   0.8658444749   0.8913949598   0.9033786281   0.860436384   0.4501594212   0.08812967326   0.01337335536   0.002163030458   
0.8896655937   0.8928001384   0.8965544571   0.897150941   0.8840177413   0.7576815777   0.3374889441   0.08812967326   0.01674464873   0.002792444198   0.0004983028861   
0.875822085   0.8532568939   0.7744022252   0.5771687535   0.329951646   0.1533445736   0.05206404878   0.01337335536   0.002792444198   0.0005170859964   0.0001020128405   
0.2720609677   0.2329320174   0.1696608493   0.1035214022   0.05346185903   0.02303551574   0.007877468787   0.002163030458   0.0004983028861   0.0001020128405   2.22694545e-005   
