11  11
1   0.3678794412   0.01831563889   0.0001234098041   1.125351747e-007   1.388794386e-011   2.31952283e-016   5.242885663e-022   1.603810891e-028   6.6396772e-036   3.720075976e-044   
0.3678794412   0.1353352832   0.006737946999   4.539992976e-005   4.139937719e-008   5.109089028e-012   8.533047626e-017   1.928749848e-022   5.900090542e-029   2.442600738e-036   1.368539471e-044   
0.01831563889   0.006737946999   0.0003354626279   2.260329407e-006   2.061153622e-009   2.543665647e-013   4.248354255e-018   9.602680055e-024   2.937482112e-030   1.216099299e-037   6.813556822e-046   
0.0001234098041   4.539992976e-005   2.260329407e-006   1.522997974e-008   1.388794386e-011   1.713908432e-015   2.862518581e-020   6.470234926e-026   1.979259878e-032   8.194012624e-040   4.590938474e-048   
1.125351747e-007   4.139937719e-008   2.061153622e-009   1.388794386e-011   1.266416555e-014   1.562882189e-018   2.61027907e-023   5.900090542e-029   1.804851388e-035   7.471972337e-043   4.186393999e-051   
1.388794386e-011   5.109089028e-012   2.543665647e-013   1.713908432e-015   1.562882189e-018   1.928749848e-022   3.221340286e-027   7.281290178e-033   2.227363562e-039   9.221146423e-047   5.166420633e-055   
2.31952283e-016   8.533047626e-017   4.248354255e-018   2.862518581e-020   2.61027907e-023   3.221340286e-027   5.38018616e-032   1.216099299e-037   3.720075976e-044   1.540088285e-051   8.628801157e-060   
5.242885663e-022   1.928749848e-022   9.602680055e-024   6.470234926e-026   5.900090542e-029   7.281290178e-033   1.216099299e-037   2.748785008e-043   8.408597125e-050   3.48110684e-057   1.9503933e-065   
1.603810891e-028   5.900090542e-029   2.937482112e-030   1.979259878e-032   1.804851388e-035   2.227363562e-039   3.720075976e-044   8.408597125e-050   2.572209373e-056   1.06487866e-063   5.966298364e-072   
6.6396772e-036   2.442600738e-036   1.216099299e-037   8.194012624e-040   7.471972337e-043   9.221146423e-047   1.540088285e-051   3.48110684e-057   1.06487866e-063   4.408531331e-071   2.470010364e-079   
3.720075976e-044   1.368539471e-044   6.813556822e-046   4.590938474e-048   4.186393999e-051   5.166420633e-055   8.628801157e-060   1.9503933e-065   5.966298364e-072   2.470010364e-079   1.383896527e-087   
