11  11
-0.00988743933   -0.01205543976   -0.0155569541   -0.02214475305   -0.03245060922   -0.04642354474   -0.06352532141   -0.08314972965   -0.1045726578   -0.1257623832   -0.1407009816   
-0.01205543976   -0.01377924638   -0.01741708803   -0.02416250627   -0.03454790069   -0.04850879939   -0.06554113435   -0.08507263366   -0.1063932668   -0.1274840702   -0.1423336668   
-0.0155569541   -0.01741708803   -0.02146441256   -0.02843781309   -0.03887731492   -0.05274788827   -0.06960804213   -0.08893714411   -0.1100452384   -0.1309334725   -0.1456022867   
-0.02214475305   -0.02416250627   -0.02843781309   -0.03545671219   -0.04572695169   -0.05930153727   -0.07581487708   -0.09479276803   -0.1155577421   -0.136127677   -0.1505176134   
-0.03245060922   -0.03454790069   -0.03887731492   -0.04572695169   -0.05551244992   -0.06844731743   -0.08433105689   -0.1027406141   -0.1229927225   -0.1431047864   -0.1571068027   
-0.04642354474   -0.04850879939   -0.05274788827   -0.05930153727   -0.06844731743   -0.08046532927   -0.09539040797   -0.1129442626   -0.1324591429   -0.151935833   -0.1654251889   
-0.06352532141   -0.06554113435   -0.06960804213   -0.07581487708   -0.08433105689   -0.09539040797   -0.1091661373   -0.125590329   -0.144105791   -0.1627259736   -0.1755610646   
-0.08314972965   -0.08507263366   -0.08893714411   -0.09479276803   -0.1027406141   -0.1129442626   -0.125590329   -0.1407506314   -0.1580376375   -0.1755588877   -0.1875945349   
-0.1045726578   -0.1063932668   -0.1100452384   -0.1155577421   -0.1229927225   -0.1324591429   -0.144105791   -0.1580376375   -0.1739865855   -0.1902175282   -0.2013610393   
-0.1257623832   -0.1274840702   -0.1309334725   -0.136127677   -0.1431047864   -0.151935833   -0.1627259736   -0.1755588877   -0.1902175282   -0.2051625863   -0.2155224689   
-0.1407009816   -0.1423336668   -0.1456022867   -0.1505176134   -0.1571068027   -0.1654251889   -0.1755610646   -0.1875945349   -0.2013610393   -0.2155224689   -0.2255706385   
