11  11
-0.1067303381   -0.1127443567   -0.1220270776   -0.1373059431   -0.1581832716   -0.1831280304   -0.2103815007   -0.2363851105   -0.2221927869   0.4408466508   0.7619966371   
-0.1127443567   -0.117435242   -0.1265823699   -0.1416504643   -0.1621428415   -0.1866260951   -0.2133737014   -0.2382679469   -0.2178781408   0.4912537123   0.7741113314   
-0.1220270776   -0.1265823699   -0.1358636151   -0.1504265837   -0.1700558322   -0.1935818072   -0.2192107352   -0.2405247433   -0.1958858711   0.5735957677   0.7952472289   
-0.1373059431   -0.1416504643   -0.1504265837   -0.1638599572   -0.1819802801   -0.2039637528   -0.2275198146   -0.2376427047   -0.07781023521   0.6678184966   0.8215017225   
-0.1581832716   -0.1621428415   -0.1700558322   -0.1819802801   -0.1980320349   -0.2176954664   -0.2372701756   -0.2204903461   0.2913944796   0.7544998628   0.849596264   
-0.1831280304   -0.1866260951   -0.1935818072   -0.2039637528   -0.2176954664   -0.2334502346   -0.2403304904   -0.1398792612   0.5963978044   0.8159939109   0.8781684132   
-0.2103815007   -0.2133737014   -0.2192107352   -0.2275198146   -0.2372701756   -0.2403304904   -0.1809779821   0.3913480642   0.7626735347   0.8619350085   0.9069808381   
-0.2363851105   -0.2382679469   -0.2405247433   -0.2376427047   -0.2204903461   -0.1398792612   0.3913480642   0.7339971837   0.8425500507   0.8990954819   0.9311727715   
-0.2221927869   -0.2178781408   -0.1958858711   -0.07781023521   0.2913944796   0.5963978044   0.7626735347   0.8425500507   0.8913597843   0.9196979318   0.9062634743   
0.4408466508   0.4912537123   0.5735957677   0.6678184966   0.7544998628   0.8159939109   0.8619350085   0.8990954819   0.9196979318   0.8383223047   0.4316082091   
0.7619966371   0.7741113314   0.7952472289   0.8215017225   0.849596264   0.8781684132   0.9069808381   0.9311727715   0.9062634743   0.4316082091   0.1062128649   
