11  11
0.7907782698   0.8192355928   0.8813215699   0.8727051282   0.2314070201   0.03052527048   0.003705019122   0.0004466462018   5.4005297e-005   6.541310989e-006   8.775907549e-007   
0.8192355928   0.850893171   0.8917339524   0.8001212084   0.1618149571   0.02074420921   0.002535435747   0.0003102221096   3.809724123e-005   4.679451457e-006   6.359954289e-007   
0.8813215699   0.8917339524   0.8663692988   0.4425448329   0.06883326439   0.00900588982   0.001154905948   0.0001479091529   1.890584663e-005   2.404071256e-006   3.373008127e-007   
0.8727051282   0.8001212084   0.4425448329   0.1056539464   0.01733449513   0.002569675179   0.0003660635202   5.097014007e-005   6.967515307e-006   9.355735781e-007   1.376063894e-007   
0.2314070201   0.1618149571   0.06883326439   0.01733449513   0.003354678771   0.0005744360462   9.185416069e-005   1.40348425e-005   2.067953173e-006   2.94949251e-007   4.567405597e-008   
0.03052527048   0.02074420921   0.00900588982   0.002569675179   0.0005744360462   0.0001116342219   1.984860111e-005   3.310780751e-006   5.239349367e-007   7.913361343e-008   1.286386611e-008   
0.003705019122   0.002535435747   0.001154905948   0.0003660635202   9.185416069e-005   1.984860111e-005   3.868873111e-006   6.969995188e-007   1.174419636e-007   1.864936554e-008   3.162712287e-009   
0.0004466462018   0.0003102221096   0.0001479091529   5.097014007e-005   1.40348425e-005   3.310780751e-006   6.969995188e-007   1.339484975e-007   2.378434523e-008   3.937733822e-009   6.917573795e-010   
5.4005297e-005   3.809724123e-005   1.890584663e-005   6.967515307e-006   2.067953173e-006   5.239349367e-007   1.174419636e-007   2.378434523e-008   4.405974543e-009   7.544476446e-010   1.363807481e-010   
6.541310989e-006   4.679451457e-006   2.404071256e-006   9.355735781e-007   2.94949251e-007   7.913361343e-008   1.864936554e-008   3.937733822e-009   7.544476446e-010   1.327061373e-010   2.454673461e-011   
8.775907549e-007   6.359954289e-007   3.373008127e-007   1.376063894e-007   4.567405597e-008   1.286386611e-008   3.162712287e-009   6.917573795e-010   1.363807481e-010   2.454673461e-011   4.631412981e-012   
