21  21
0.7929876625   0.8020415468   0.8226430799   0.8524379456   0.8826008019   0.9032005354   0.8923601837   0.7806482461   0.4490504573   0.1576896856   0.04559030524   0.01248664785   0.003378736056   0.000913753931   0.0002477304522   6.735822423e-005   1.835666174e-005   5.007807367e-006   1.366438924e-006   3.776967152e-007   1.26804887e-007   
0.8020415468   0.8115946863   0.8322449113   0.8604961746   0.8880572296   0.9046824336   0.885102427   0.7523970299   0.4084553779   0.1400258979   0.0403890918   0.01110489596   0.003020553204   0.0008212109352   0.0002237615059   6.11261221e-005   1.673004771e-005   4.58193422e-006   1.254643961e-006   3.479138757e-007   1.171651329e-007   
0.8226430799   0.8322449113   0.8512289317   0.875315226   0.897131668   0.9045557576   0.863955488   0.6848706182   0.3330762067   0.1099203737   0.03166808059   0.008784955101   0.002415737233   0.0006639081314   0.0001827478944   5.039366684e-005   1.391172085e-005   3.839836482e-006   1.058806868e-006   2.954825634e-007   1.001120105e-007   
0.8524379456   0.8604961746   0.875315226   0.8927043842   0.9048508047   0.8941793632   0.8117802656   0.5620173778   0.238042764   0.07581247495   0.02196032073   0.00618893323   0.001731640796   0.0004838887044   0.0001352679073   3.783199769e-005   1.057885187e-005   2.953807139e-006   8.229171632e-007   2.318064918e-007   7.923465074e-008   
0.8826008019   0.8880572296   0.897131668   0.9048508047   0.8996840693   0.8522320073   0.6951600108   0.3898165286   0.1462508687   0.04579828616   0.01349284838   0.003895951382   0.001116882618   0.0003192421334   9.110472739e-005   2.59617364e-005   7.382890224e-006   2.092641837e-006   5.908124144e-007   1.684353228e-007   5.822715603e-008   
0.9032005354   0.9046824336   0.9045557576   0.8941793632   0.8522320073   0.7321884275   0.4851352415   0.2191178752   0.07696699812   0.02434666242   0.007394566592   0.002206739811   0.0006525524711   0.000191854732   5.616009996e-005   1.637280718e-005   4.751747032e-006   1.371352335e-006   3.933629081e-007   1.137517004e-007   3.984984639e-008   
0.8923601837   0.885102427   0.863955488   0.8117802656   0.6951600108   0.4851352415   0.2508213347   0.1008428708   0.03528677008   0.01155606371   0.003660082778   0.001136999567   0.0003486910794   0.0001059197077   3.192341111e-005   9.552314231e-006   2.837044196e-006   8.355847773e-007   2.439851385e-007   7.168527343e-008   2.548661315e-008   
0.7806482461   0.7523970299   0.6848706182   0.5620173778   0.3898165286   0.2191178752   0.1008428708   0.04006631767   0.01454444402   0.0050031868   0.001663306436   0.0005401052176   0.0001723500395   5.424530574e-005   1.687512779e-005   5.193668768e-006   1.581386412e-006   4.760319057e-007   1.416663388e-007   4.233333734e-008   1.528830719e-008   
0.4490504573   0.4084553779   0.3330762067   0.238042764   0.1462508687   0.07696699812   0.03528677008   0.01454444402   0.005561733471   0.002018492037   0.0007055465147   0.0002397693761   7.970817895e-005   2.602508727e-005   8.366032469e-006   2.650963368e-006   8.281879326e-007   2.549657004e-007   7.737269849e-008   2.352490997e-008   8.632406732e-009   
0.1576896856   0.1400258979   0.1099203737   0.07581247495   0.04579828616   0.02434666242   0.01155606371   0.0050031868   0.002018492037   0.0007718988349   0.0002832978535   0.0001006697511   3.484980823e-005   1.180207338e-005   3.920185332e-006   1.278887709e-006   4.099103903e-007   1.290466647e-007   3.992673472e-008   1.23497734e-008   4.603645185e-009   
0.04559030524   0.0403890918   0.03166808059   0.02196032073   0.01349284838   0.007394566592   0.003660082778   0.001663306436   0.0007055465147   0.0002832978535   0.0001088646735   4.036704094e-005   1.452963588e-005   5.097612625e-006   1.747869137e-006   5.865398613e-007   1.927242365e-007   6.199762344e-008   1.954366841e-008   6.145907592e-009   2.325954959e-009   
0.01248664785   0.01110489596   0.008784955101   0.00618893323   0.003895951382   0.002206739811   0.001136999567   0.0005401052176   0.0002397693761   0.0001006697511   4.036704094e-005   1.557615538e-005   5.816173644e-006   2.109958688e-006   7.455570422e-007   2.569670193e-007   8.643828011e-008   2.837875403e-008   9.104714353e-009   2.90810835e-009   1.116350412e-009   
0.003378736056   0.003020553204   0.002415737233   0.001731640796   0.001116882618   0.0006525524711   0.0003486910794   0.0001723500395   7.970817895e-005   3.484980823e-005   1.452963588e-005   5.816173644e-006   2.246928257e-006   8.408260347e-007   3.055190106e-007   1.079429794e-007   3.710666811e-008   1.241404024e-008   4.047979924e-009   1.311675737e-009   5.101619072e-010   
0.000913753931   0.0008212109352   0.0006639081314   0.0004838887044   0.0003192421334   0.000191854732   0.0001059197077   5.424530574e-005   2.602508727e-005   1.180207338e-005   5.097612625e-006   2.109958688e-006   8.408260347e-007   3.236863053e-007   1.206450453e-007   4.359714545e-008   1.528560349e-008   5.201890644e-009   1.721404879e-009   5.651185846e-010   2.224255482e-010   
0.0002477304522   0.0002237615059   0.0001827478944   0.0001352679073   9.110472739e-005   5.616009996e-005   3.192341111e-005   1.687512779e-005   8.366032469e-006   3.920185332e-006   1.747869137e-006   7.455570422e-007   3.055190106e-007   1.206450453e-007   4.600558414e-008   1.696405088e-008   6.053643459e-009   2.091824504e-009   7.013995913e-010   2.329685036e-010   9.267563565e-011   
6.735822423e-005   6.11261221e-005   5.039366684e-005   3.783199769e-005   2.59617364e-005   1.637280718e-005   9.552314231e-006   5.193668768e-006   2.650963368e-006   1.278887709e-006   5.865398613e-007   2.569670193e-007   1.079429794e-007   4.359714545e-008   1.696405088e-008   6.367889372e-009   2.308053923e-009   8.083612266e-010   2.74218608e-010   9.202823374e-011   3.695599274e-011   
1.835666174e-005   1.673004771e-005   1.391172085e-005   1.057885187e-005   7.382890224e-006   4.751747032e-006   2.837044196e-006   1.581386412e-006   8.281879326e-007   4.099103903e-007   1.927242365e-007   8.643828011e-008   3.710666811e-008   1.528560349e-008   6.053643459e-009   2.308053923e-009   8.480082605e-010   3.005179584e-010   1.029865963e-010   3.487750959e-011   1.412233041e-011   
5.007807367e-006   4.58193422e-006   3.839836482e-006   2.953807139e-006   2.092641837e-006   1.371352335e-006   8.355847773e-007   4.760319057e-007   2.549657004e-007   1.290466647e-007   6.199762344e-008   2.837875403e-008   1.241404024e-008   5.201890644e-009   2.091824504e-009   8.083612266e-010   3.005179584e-010   1.075898283e-010   3.719806098e-011   1.269753262e-011   5.178703719e-012   
1.366438924e-006   1.254643961e-006   1.058806868e-006   8.229171632e-007   5.908124144e-007   3.933629081e-007   2.439851385e-007   1.416663388e-007   7.737269849e-008   3.992673472e-008   1.954366841e-008   9.104714353e-009   4.047979924e-009   1.721404879e-009   7.013995913e-010   2.74218608e-010   1.029865963e-010   3.719806098e-011   1.296000067e-011   4.454504035e-012   1.828298834e-012   
3.776967152e-007   3.479138757e-007   2.954825634e-007   2.318064918e-007   1.684353228e-007   1.137517004e-007   7.168527343e-008   4.233333734e-008   2.352490997e-008   1.23497734e-008   6.145907592e-009   2.90810835e-009   1.311675737e-009   5.651185846e-010   2.329685036e-010   9.202823374e-011   3.487750959e-011   1.269753262e-011   4.454504035e-012   1.540620057e-012   6.359579122e-013   
1.26804887e-007   1.171651329e-007   1.001120105e-007   7.923465074e-008   5.822715603e-008   3.984984639e-008   2.548661315e-008   1.528830719e-008   8.632406732e-009   4.603645185e-009   2.325954959e-009   1.116350412e-009   5.101619072e-010   2.224255482e-010   9.267563565e-011   3.695599274e-011   1.412233041e-011   5.178703719e-012   1.828298834e-012   6.359579122e-013   2.639073529e-013   
