21  21
-0.2758795684   -0.2772396196   -0.2763490486   -0.2621583468   -0.1945232471   0.0501990125   0.4522686803   0.6776455828   0.7741531766   0.8271281937   0.8652955026   0.8947602641   0.9107995536   0.8877872674   0.7409044826   0.3783245964   0.1242882287   0.03495624386   0.009428506637   0.002556806094   0.0008451931655   
-0.2772396196   -0.2776109106   -0.2739980689   -0.2525290017   -0.1639455211   0.11870104   0.4980940969   0.6949420104   0.7814971413   0.8314010336   0.8682770369   0.8967305472   0.9110485989   0.8832196536   0.7234575719   0.3575929765   0.1160448534   0.03257431413   0.00879484221   0.002389236476   0.0007914536544   
-0.2763490486   -0.2739980689   -0.2628060018   -0.2206214234   -0.07928134733   0.2583597173   0.5743035762   0.7237372308   0.7946114165   0.8394528608   0.8739870609   0.9003900695   0.910931473   0.8723969559   0.6853048433   0.3181920603   0.1010299328   0.02827442409   0.007651339629   0.002086268295   0.0006940360865   
-0.2621583468   -0.2525290017   -0.2206214234   -0.1272352451   0.1058973205   0.4411964001   0.655900086   0.7562508519   0.8113248585   0.850505481   0.8819439729   0.9051014636   0.9089460815   0.8513604119   0.6210413067   0.2646676944   0.08183419353   0.02284428239   0.006206988556   0.001702271552   0.0005700029122   
-0.1945232471   -0.1639455211   -0.07928134733   0.1058973205   0.3807812402   0.6036537456   0.7232678784   0.7872561272   0.8299111202   0.8637159159   0.8914230953   0.9096432364   0.9019727368   0.8124495571   0.5272148815   0.2041009374   0.061518644   0.0171678843   0.004694594312   0.001298028354   0.0004385588698   
0.0501990125   0.11870104   0.2583597173   0.4411964001   0.6036537456   0.7095386347   0.7726690798   0.8154377947   0.8493701003   0.8782120582   0.9012900227   0.9116250188   0.8836913519   0.7421430823   0.409629262   0.1448916793   0.04283725213   0.01199581317   0.00331083136   0.0009253263346   0.0003162743325   
0.4522686803   0.4980940969   0.5743035762   0.655900086   0.7232678784   0.7726690798   0.8101569289   0.8414310168   0.8690261222   0.8928698285   0.9094634551   0.9060437203   0.8417039918   0.623283957   0.2861737243   0.09428979455   0.02760605125   0.007794544609   0.002178451117   0.0006171668022   0.0002139847645   
0.6776455828   0.6949420104   0.7237372308   0.7562508519   0.7872561272   0.8154377947   0.8414310168   0.8657500243   0.8879458517   0.9056855257   0.9114480121   0.8818384691   0.7537578875   0.4565539382   0.1782982606   0.05620482364   0.01647491877   0.004714861905   0.001339014994   0.0003856632766   0.0001360213034   
0.7741531766   0.7814971413   0.7946114165   0.8113248585   0.8299111202   0.8493701003   0.8690261222   0.8879458517   0.9040905086   0.9120819094   0.8965267373   0.8153248873   0.5926652164   0.2831850134   0.09933975026   0.03077854689   0.009126877652   0.002660934837   0.0007705318305   0.0002262731822   8.140035464e-005   
0.8271281937   0.8314010336   0.8394528608   0.850505481   0.8637159159   0.8782120582   0.8928698285   0.9056855257   0.9120819094   0.9001694039   0.839095801   0.6674630394   0.3767776386   0.1499483926   0.05003320619   0.01557606732   0.004712901143   0.001406014963   0.0004164146003   0.0001250098612   4.598484104e-005   
0.8652955026   0.8682770369   0.8739870609   0.8819439729   0.8914230953   0.9012900227   0.9094634551   0.9114480121   0.8965267373   0.839095801   0.6902229329   0.4293741994   0.1917558381   0.06976466591   0.02311589391   0.007342548276   0.002281101278   0.0006987682667   0.0002122022259   6.527264292e-005   2.460404276e-005   
0.8947602641   0.8967305472   0.9003900695   0.9051014636   0.9096432364   0.9116250188   0.9060437203   0.8818384691   0.8153248873   0.6674630394   0.4293741994   0.2079748728   0.08258657189   0.02946660097   0.009947138455   0.003253029389   0.001041680773   0.0003284118692   0.0001024512321   3.234649838e-005   1.251513503e-005   
0.9107995536   0.9110485989   0.910931473   0.9089460815   0.9019727368   0.8836913519   0.8417039918   0.7537578875   0.5926652164   0.3767776386   0.1917558381   0.08258657189   0.03198369187   0.01160865212   0.004041629237   0.001366570201   0.000451898253   0.0001468124755   4.710133145e-005   1.528265767e-005   6.076464019e-006   
0.8877872674   0.8832196536   0.8723969559   0.8513604119   0.8124495571   0.7421430823   0.623283957   0.4565539382   0.2831850134   0.1499483926   0.06976466591   0.02946660097   0.01160865212   0.004348077359   0.001567873081   0.0005487497485   0.0001874694095   6.27844718e-005   2.072567747e-005   6.915643624e-006   2.827680758e-006   
0.7409044826   0.7234575719   0.6853048433   0.6210413067   0.5272148815   0.409629262   0.2861737243   0.1782982606   0.09933975026   0.05003320619   0.02311589391   0.009947138455   0.004041629237   0.001567873081   0.000585709713   0.0002120853389   7.481742078e-005   2.582323748e-005   8.771018799e-006   3.01055027e-006   1.266220136e-006   
0.3783245964   0.3575929765   0.3181920603   0.2646676944   0.2041009374   0.1448916793   0.09428979455   0.05620482364   0.03077854689   0.01557606732   0.007342548276   0.003253029389   0.001366570201   0.0005487497485   0.0002120853389   7.93483591e-005   2.887566924e-005   1.026441403e-005   3.585889214e-006   1.2659977e-006   5.476905188e-007   
0.1242882287   0.1160448534   0.1010299328   0.08183419353   0.061518644   0.04283725213   0.02760605125   0.01647491877   0.009126877652   0.004712901143   0.002281101278   0.001041680773   0.000451898253   0.0001874694095   7.481742078e-005   2.887566924e-005   1.082648468e-005   3.959951223e-006   1.422057221e-006   5.162514292e-007   2.296521943e-007   
0.03495624386   0.03257431413   0.02827442409   0.02284428239   0.0171678843   0.01199581317   0.007794544609   0.004714861905   0.002660934837   0.001406014963   0.0006987682667   0.0003284118692   0.0001468124755   6.27844718e-005   2.582323748e-005   1.026441403e-005   3.959951223e-006   1.488911019e-006   5.492462047e-007   2.049506535e-007   9.371118139e-008   
0.009428506637   0.00879484221   0.007651339629   0.006206988556   0.004694594312   0.00331083136   0.002178451117   0.001339014994   0.0007705318305   0.0004164146003   0.0002122022259   0.0001024512321   4.710133145e-005   2.072567747e-005   8.771018799e-006   3.585889214e-006   1.422057221e-006   5.492462047e-007   2.080471723e-007   7.978860451e-008   3.749501425e-008   
0.002556806094   0.002389236476   0.002086268295   0.001702271552   0.001298028354   0.0009253263346   0.0006171668022   0.0003856632766   0.0002262731822   0.0001250098612   6.527264292e-005   3.234649838e-005   1.528265767e-005   6.915643624e-006   3.01055027e-006   1.2659977e-006   5.162514292e-007   2.049506535e-007   7.978860451e-008   3.149066479e-008   1.522860116e-008   
0.0008451931655   0.0007914536544   0.0006940360865   0.0005700029122   0.0004385588698   0.0003162743325   0.0002139847645   0.0001360213034   8.140035464e-005   4.598484104e-005   2.460404276e-005   1.251513503e-005   6.076464019e-006   2.827680758e-006   1.266220136e-006   5.476905188e-007   2.296521943e-007   9.371118139e-008   3.749501425e-008   1.522860116e-008   7.575492897e-009   
