21  21
-0.1870125894   -0.1891794334   -0.1925059806   -0.1964045761   -0.2014696967   -0.2079125738   -0.215590058   -0.2242959128   -0.2337022258   -0.2428802586   -0.2482920389   -0.2350263216   -0.1412351292   0.2110019248   0.6000065217   0.762225998   0.8288962363   0.8690611041   0.9002166265   0.9243814753   0.9382436096   
-0.1891794334   -0.1910821127   -0.1940206961   -0.1977442501   -0.2027666735   -0.2091775853   -0.2168096838   -0.225453206   -0.2347574847   -0.2436916615   -0.2482956565   -0.2319727803   -0.1274389304   0.2431807709   0.6156900639   0.7677777162   0.8315463922   0.8708765639   0.9016871362   0.9256496709   0.939400935   
-0.1925059806   -0.1940206961   -0.1965951743   -0.2002743807   -0.2053127468   -0.2116838959   -0.2192295254   -0.2277443878   -0.236823998   -0.2451924818   -0.2478846644   -0.2243236185   -0.09518373027   0.3061479274   0.6442415653   0.7780197459   0.8366229847   0.8744246887   0.9045668212   0.9281174855   0.9416367066   
-0.1964045761   -0.1977442501   -0.2002743807   -0.2040387397   -0.2091016216   -0.2154031196   -0.2228123744   -0.2311154529   -0.2397882242   -0.2470558503   -0.2459543407   -0.2081766534   -0.03358776531   0.394451073   0.6807326785   0.7915343057   0.8437482503   0.8795485485   0.9087195421   0.9316142843   0.9447423498   
-0.2014696967   -0.2027666735   -0.2053127468   -0.2091016216   -0.2141166748   -0.2202897898   -0.2274933601   -0.2354548822   -0.2433854968   -0.2484940036   -0.2399151553   -0.1752928495   0.07380267916   0.4964967374   0.7195271456   0.8068171954   0.8524916191   0.8860229207   0.9138930262   0.935767363   0.948221758   
-0.2079125738   -0.2091775853   -0.2116838959   -0.2154031196   -0.2202897898   -0.2262606454   -0.2331460419   -0.2405080506   -0.2469600989   -0.2475381182   -0.2235376098   -0.1088712644   0.2340865144   0.5966201799   0.75595712   0.8226947108   0.8624490136   0.893537118   0.9196119764   0.9397353753   0.950843105   
-0.215590058   -0.2168096838   -0.2192295254   -0.2228123744   -0.2274933601   -0.2331460419   -0.2394700189   -0.2456044289   -0.2487421155   -0.2390204725   -0.1817012327   0.0224552366   0.4193136619   0.6811584381   0.7875139892   0.8385149726   0.8732603893   0.9016266386   0.9249205683   0.9415082246   0.9493594239   
-0.2242959128   -0.225453206   -0.2277443878   -0.2311154529   -0.2354548822   -0.2405080506   -0.2456044289   -0.2487565777   -0.2435820902   -0.2089477638   -0.08119627448   0.2414778526   0.5821230076   0.7445468603   0.8139824227   0.8540690917   0.884551117   0.9095102046   0.9277965885   0.9361182632   0.9349178177   
-0.2337022258   -0.2347574847   -0.236823998   -0.2397882242   -0.2433854968   -0.2469600989   -0.2487421155   -0.2435820902   -0.2158732626   -0.1207156992   0.1295798902   0.4826891714   0.6967460047   0.7893349964   0.836536718   0.869335043   0.8957930383   0.9157532692   0.9239338869   0.9115568592   0.8843076732   
-0.2428802586   -0.2436916615   -0.2451924818   -0.2470558503   -0.2484940036   -0.2475381182   -0.2390204725   -0.2089477638   -0.1207156992   0.09425909203   0.4210346492   0.6565098075   0.7675251129   0.8216966756   0.8566074723   0.8841810015   0.906039208   0.9175934758   0.9046572741   0.8427839496   0.7505802992   
-0.2482920389   -0.2482956565   -0.2478846644   -0.2459543407   -0.2399151553   -0.2235376098   -0.1817012327   -0.08119627448   0.1295798902   0.4210346492   0.640475582   0.7541486039   0.8113764315   0.8472404104   0.875117884   0.8980430177   0.9133417529   0.909503383   0.8545671296   0.6983327497   0.5139838832   
-0.2350263216   -0.2319727803   -0.2243236185   -0.2081766534   -0.1752928495   -0.1088712644   0.0224552366   0.2414778526   0.4826891714   0.6565098075   0.7541486039   0.8076243246   0.8422169319   0.8692920744   0.8921253837   0.9093742673   0.913326756   0.8799214487   0.7506649227   0.4872352535   0.2825307012   
-0.1412351292   -0.1274389304   -0.09518373027   -0.03358776531   0.07380267916   0.2340865144   0.4193136619   0.5821230076   0.6967460047   0.7675251129   0.8113764315   0.8422169319   0.8672775358   0.8889628244   0.9064157819   0.9142846107   0.8957965641   0.8056705339   0.573077782   0.2845634686   0.1382038243   
0.2110019248   0.2431807709   0.3061479274   0.394451073   0.4964967374   0.5966201799   0.6811584381   0.7445468603   0.7893349964   0.8216966756   0.8472404104   0.8692920744   0.8889628244   0.9053277073   0.9141758424   0.9029784288   0.8378314243   0.6529163588   0.3567370983   0.1453375926   0.06420898173   
0.6000065217   0.6156900639   0.6442415653   0.6807326785   0.7195271456   0.75595712   0.7875139892   0.8139824227   0.836536718   0.8566074723   0.875117884   0.8921253837   0.9064157819   0.9141758424   0.9049537503   0.851604896   0.6988505682   0.4239963235   0.183461581   0.06757580798   0.02880767862   
0.762225998   0.7677777162   0.7780197459   0.7915343057   0.8068171954   0.8226947108   0.8385149726   0.8540690917   0.869335043   0.8841810015   0.8980430177   0.9093742673   0.9142846107   0.9029784288   0.851604896   0.713281606   0.4608335862   0.215802719   0.08235892142   0.0293500617   0.01249413251   
0.8288962363   0.8315463922   0.8366229847   0.8437482503   0.8524916191   0.8624490136   0.8732603893   0.884551117   0.8957930383   0.906039208   0.9133417529   0.913326756   0.8957965641   0.8378314243   0.6988505682   0.4608335862   0.2280002201   0.09243293313   0.03385394994   0.01210464419   0.005237810135   
0.8690611041   0.8708765639   0.8744246887   0.8795485485   0.8860229207   0.893537118   0.9016266386   0.9095102046   0.9157532692   0.9175934758   0.909503383   0.8799214487   0.8056705339   0.6529163588   0.4239963235   0.215802719   0.09243293313   0.03581004066   0.01314150869   0.004794022878   0.002126360463   
0.9002166265   0.9016871362   0.9045668212   0.9087195421   0.9138930262   0.9196119764   0.9249205683   0.9277965885   0.9239338869   0.9046572741   0.8545671296   0.7506649227   0.573077782   0.3567370983   0.183461581   0.08235892142   0.03385394994   0.01314150869   0.004919300104   0.001843701015   0.0008414036472   
0.9243814753   0.9256496709   0.9281174855   0.9316142843   0.935767363   0.9397353753   0.9415082246   0.9361182632   0.9115568592   0.8427839496   0.6983327497   0.4872352535   0.2845634686   0.1453375926   0.06757580798   0.0293500617   0.01210464419   0.004794022878   0.001843701015   0.0007125597652   0.0003355224924   
0.9382436096   0.939400935   0.9416367066   0.9447423498   0.948221758   0.950843105   0.9493594239   0.9349178177   0.8843076732   0.7505802992   0.5139838832   0.2825307012   0.1382038243   0.06420898173   0.02880767862   0.01249413251   0.005237810135   0.002126360463   0.0008414036472   0.0003355224924   0.0001630269809   
